14.35856915 100.57011095
52.9244442 -1.2301575
36.5509835 -87.3221685
16.0439398 103.66091475
-32.9516154 -60.69740585
42.1970575 -8.7715571
57.1605562 -2.12704045
14.59145675 120.98398645
40.780709 -73.9685415
29.982601 -90.011008
14.68301235 121.0627353
52.0571133 1.161663
-6.9017915 107.591762
31.67739335 38.6882839
-15.7762537 -47.796623
13.14356205 123.76544875
39.6496822 27.89602205
-31.760177 -60.5131657
-6.249852 106.788068
35.752192502 139.852636498
-5.10654515 119.54482095
37.63251595 -0.95680855
50.3655494 3.42605275
14.60671755 121.1242274
30.3233457 -97.75472415
-6.3397705 107.6636695
-7.2985505 112.654328
24.462089 39.65404835
-12.8753345 -38.5026475
14.87931605 103.4932733
34.5332329979 135.565605
34.7712910005 135.303979499
55.7558767 37.54834245
-23.682803 -46.5955455
19.38061275 -99.1614802
40.9770593 37.920234
13.68203155 121.1029388
3.04861275 101.437426
15.12002265 120.8600794
-21.111988 -42.9761935
14.5833064 121.08234455
-27.099788 -48.63524735
-6.911058 109.732199
-34.604315 -58.4426431
40.9952415 -8.6237387
37.94898585 27.3726277
26.2744746218 127.756296879
-20.8755715 -54.261875
35.7745200005 139.795744499
13.5151675 144.8402225
-6.3919865 106.8906245
-19.918692 -43.9598225
15.48077885 120.6124487
35.0234450047 135.7602575
18.324708752 -68.7850259352
-20.2803915 -40.29282265
52.7323886 41.43352675
14.50411145 121.0652415
42.897879 -85.708795
-22.9114217 -43.4415779
14.68301235 121.0627353
42.9944585 -83.7256099
14.6755151 120.9338333
7.1754732 122.14724155
-34.604315 -58.4426431
34.6257360033 135.781401501
13.0752089 77.5564221
48.78463385 2.4524316
51.7214936 36.1845924
-21.9660015 -46.7960545
-7.712573 110.4050255
48.85883375 2.34700295
40.4777947 -3.70350755
-7.2214215 107.6763061
37.3380178 -6.08278935
48.8844248 2.59538835
-5.18864695 119.42233745
34.922236003 135.793898003
-6.2316775 106.88464
50.59927495 2.81896665
40.42867925 -3.55308865
16.4022799 120.58844065
14.1401866 121.4206954
-7.8167765 110.3597455
14.5464995 121.03321235
-6.871882 109.6852045
0.5866785 -50.693466
53.8827515 -1.2618345
48.882168 2.23844425
14.41755525 120.86120105
-23.061418 -45.91744205
14.0178783 121.39862865
39.40564685 -2.93603175
5.7826863 117.97189
51.254728 -1.616806
47.4824315 19.1295425
-34.604315 -58.4426431
35.7805269985 139.9478945
14.6469712 121.1048868
14.3994194 120.93047925
45.4613453 9.15933655
52.35472775 4.90405355
13.7780159 100.55900875
10.4835391 -66.93064395
-22.9114217 -43.4415779
-1.24382865 116.86604645
52.04023545 -2.6894685
-22.696528 -43.5243665
-6.7975868 107.5978685
54.98519485 -3.2539454
37.317093 -89.5597438
-31.424168 -64.49339185
37.18040885 -3.59796735
37.0872604967 140.794399998
-8.526797 115.0770385
14.7126129 120.9756554
34.044966002 131.282190005
-3.816979 102.308659
41.8995335 -71.0790379
51.4970016 -3.1797998
-6.145593 106.658113
35.7292895 -81.33066
-28.4935363 -49.32166675
-32.9516154 -60.69740585
42.31473205 -83.2135571
13.4773305 144.7638405
14.3396343 120.82839465
14.81279765 120.92855905
-23.752367 -45.6207325
4.26228350281 -74.2436709986
14.7126129 120.9756554
46.3600782 48.0341
48.85883375 2.34700295
2.7071805 102.2297745
-22.696528 -43.5243665
-24.8871935 -53.8703785
26.3619645033 127.810620566
52.592258 -2.1064075
-6.185602 106.774506
14.5464995 121.03321235
10.4835391 -66.93064395
34.8333729975 132.119086005
42.2255775 -83.2685445
14.3994194 120.93047925
59.93414835 30.32869805
24.7219434 46.68507665
36.822925 -100.8104475
25.7823537 -80.2333285
-19.918692 -43.9598225
41.4088461 -82.362201
55.32370345 13.2531888
13.14356205 123.76544875
49.22136905 1.15544015
53.8019562 -1.56549
-22.9114217 -43.4415779
19.17414005 72.8747249
41.3131505 36.34064945
33.1979110005 129.876528506
7.6238758 5.218751
14.59145675 120.98398645
37.0391470038 138.696215996
-20.595025 -47.34716
-26.22882315 28.1799355
-2.572425 -59.9803255
35.1846198 -79.404847
37.24741115 -3.55003005
-22.9114217 -43.4415779
-23.682803 -46.5955455
18.7722722 98.9986106
51.4715045 0.01498965
45.4613453 9.15933655
-6.8650445 107.673723
41.0213205 29.0052228
14.71089345 121.0311413
-22.9114217 -43.4415779
7.423638 125.79881775
41.0213205 29.0052228
1.55972655 103.4452349
39.240504 -76.6914025
10.17082025 -70.07589725
26.3078141 50.2017608
38.312902 -85.55709585
14.5464995 121.03321235
-32.9599727 27.71425865
54.10590675 -6.24876645
41.0213205 29.0052228
-22.387125 -43.1872935
41.3941323 2.13929945
-8.526797 115.0770385
28.36852515 76.9746911
-23.4469835 -46.9181195
15.10310855 120.4786044
42.1970575 -8.7715571
55.0014839 82.9556877
4.26228350281 -74.2436709986
40.75788995 29.9204165
33.2268644978 133.02140005
35.6935175048 139.626371501
40.4777947 -3.70350755
2.16266225 102.4387932
14.7699235 120.4830573
38.89860285 -77.0143985
-23.682803 -46.5955455
35.0739784981 135.935156997
-37.9725665143 145.053135344
53.35490235 -6.2475979
6.49311225 3.3386054
39.1000485 -94.6154637
35.8342385018 139.808093502
41.8984164 12.54514535
-8.043603 -34.939349
-34.6005021115 138.880990048
6.14511550171 -75.4319135021
-34.604315 -58.4426431
14.59145675 120.98398645
36.8063575039 140.358969502
34.841510999 134.613824004
3.29526105 101.6493986
47.802617 13.0543445
34.9735679989 135.667776001
50.78126745 2.52005105
-27.2446925 -48.6993155
53.8019562 -1.56549
-23.7107695 -46.422691
-34.77234435 -58.5893055
14.85885 120.3402471
31.4405227 -100.453089
-22.8952045 -47.030252
34.7504844999 137.404662998
51.06424 -1.3255455
44.44949935 8.8808449
-28.4935363 -49.32166675
-22.9114217 -43.4415779
36.1855884985 137.84985
41.0213205 29.0052228
35.758638001 140.005507005
41.383971 33.7826925
-6.37405 107.45758
-23.682803 -46.5955455
-26.7241311 -53.48139525
41.0213205 29.0052228
-26.10209825 28.1049731
45.39872155 11.89083675
-33.8482440022 150.9319748
13.97093425 121.09955975
6.27088299765 -75.6192130002
54.7820063 31.9983415
7.84456835 98.3506369
40.9160229 38.3861852
-22.4757715 -42.141825
40.9705861 14.2046361
5.43501795 103.0105976
2.94905165 101.76994705
-7.4005695 112.312054
-21.2139226 -47.8179955
-5.4368496 105.249955
4.6471324 101.20259855
-22.9114217 -43.4415779
41.0808775 -81.5167515
53.4569527 -2.23348
-7.2840905 112.758281
35.6262830031 139.496345026
-23.682803 -46.5955455
-2.572425 -59.9803255
10.4835391 -66.93064395
-40.795719 -62.9823727
10.37483245 123.8467219
43.44620595 47.5861876
-3.789768 -38.51989
-26.97506565 -52.5356637
-6.2424025 107.113788
-6.150752 106.743997
18.85317955 98.9728416
12.005 8.5274667
-29.9959267 -51.55975425
52.3093647 45.3770472
34.5289935054 132.523841
6.4609341 124.8842237
52.962375 0.026597
52.2478095 11.6579495
48.85883375 2.34700295
4.99381305 100.4656689
39.97281775 32.90548745
10.35534225 123.9428613
3.07263815 101.51937105
-26.7406998 -52.7209407
41.1621416 -8.62191375
53.4569527 -2.23348
46.151395 8.9653835
3.1564993 101.57849525
-17.9036795 -51.73088005
50.7209398 -3.5148765
34.4715585001 135.507342505
14.71089345 121.0311413
-37.9725665143 145.053135344
5.5320916 100.4069758
21.3898328 39.8016867
35.6840510008 139.7551825
-22.7854705 -43.36976435
3.575852 98.8607945
41.8239535 -87.846562
33.76721745 -84.433106
40.2262131 28.954341
40.82489795 14.4883776
13.7932607 120.9642125
5.9882775 116.16297755
14.1408629 120.7084158
43.629311 -79.2725695
54.13324515 -0.79479625
62.0846242 129.2923572
26.2122214981 127.689165669
-22.667465 -43.6026115
39.58453755 28.6285445
51.4438459 0.1318699
52.6262635 -1.13067
-38.01158735 -57.5814305
10.9580728786 -74.8499330018
-31.760177 -60.5131657
4.343651 100.90374755
-6.185602 106.774506
41.3941323 2.13929945
51.514752 -0.29743
38.653749 -90.247798
-7.76769565 110.4087895
-23.682803 -46.5955455
52.1148354 5.2627207
35.1618274952 135.799532003
38.931549 -94.6750935
48.57163 2.16429605
38.4079305 27.00651085
42.3136695 -71.0887545
-7.352055 112.7751495
40.41698015 -3.8953231
43.0422429983 141.430971002
-6.160423 106.8656125
-12.0244620138 -77.0302654206
-25.4952494 -49.28846045
-6.437104 106.971913
-25.4875169 28.09468145
35.598141002 140.214143003
-7.639348 109.7166745
29.982601 -90.011008
-22.47582385 -46.6045219
40.52221715 -80.22681365
53.77409075 -2.7016375
-7.8172055 110.397709
50.67267195 3.1304387
32.812545999 130.707241999
41.20128215 27.74469475
35.0821930028 138.524536501
39.6468665036 140.267755001
-29.7530852 -53.82420285
-34.9363185 -58.0130215
34.566761998 135.517985001
38.4079305 27.00651085
38.4079305 27.00651085
-27.00778135 -48.6231815
-34.9363185 -58.0130215
49.34576615 1.0751271
7.42907465 3.9052965
37.88641345 41.122997
13.84300095 100.56300795
41.0213205 29.0052228
-8.984888 -64.5216175
45.88455655 1.2103069
40.3634798 -3.8335993
3.0329637 101.6536751
-6.260849 106.3598755
56.81553285 60.61363785
41.0213205 29.0052228
43.44574295 -5.0873116
-35.811043 -61.8984735
33.175864 131.690982001
51.0540985 0.1692345
53.4001993 -2.3267745
19.3283752 -99.15234025
47.4824315 19.1295425
35.7252827262 140.027310002
-38.01158735 -57.5814305
52.23283525 21.06074115
10.26533395 -67.6083329
40.2262131 28.954341
-0.8720853 119.93179325
13.7645341 100.68760625
-6.3283165 106.86568
40.3288989 -3.7696768
7.3175827 125.44326145
-30.0997213 -51.1593094
37.00282625 35.28487985
35.8974670013 139.3390695
-25.7852173 -56.44524385
-6.2201165 107.0604445
39.261002 -76.7415
-34.65963215 -58.44624105
48.5972081 2.4643426
-22.2065645 -42.379895
44.811756 -68.795412
41.0213205 29.0052228
35.5052104989 139.744118361
35.7095915034 139.9362165
-7.40826 112.790445
32.4823035 -84.91730695
4.6471324 101.20259855
21.58571075 39.25412865
-2.6972534 118.91568045
38.246474 -85.52184065
33.039371 -85.058721
-23.6348825 -48.1081725
38.2340732 27.9808717
-1.344336 -48.3810695
-7.8466195 110.4708045
54.31075885 -1.8278211
-23.682803 -46.5955455
60.71643615 17.36669625
55.8583027 -4.24175135
-6.8726085 107.7184415
-23.666101 -46.4412595
14.8062193 121.22463375
-25.453901 -54.457096
50.4281426 2.906856
-27.85339275 -52.17036965
32.812545999 130.707241999
50.73672705 3.07224895
51.50009175 -0.148936
52.923513 -1.128591
35.6309524976 139.690617003
-7.18175 112.4398155
2.905087 101.6808052
-23.682803 -46.5955455
33.7033906 -78.878866
14.4388285 120.99533725
28.63848945 77.095086
-17.9036795 -51.73088005
-23.682803 -46.5955455
-6.054336 106.654995
32.9557089971 131.103008998
35.0435104998 134.254149498
48.85883375 2.34700295
-6.90558 107.6261875
6.1276584 102.2426796
14.5833064 121.08234455
52.7481959 -1.46974175
26.361485 -80.1734015
-8.725478 115.162057
14.81279765 120.92855905
33.937393 -80.402683
25.7823537 -80.2333285
41.0213205 29.0052228
47.69102685 -0.060465
60.1594712 25.0186232
53.257387 -3.446144
-34.4586845 -58.5645414
52.6262635 -1.13067
-38.01158735 -57.5814305
51.358931 -0.0926455
11.63576895 122.5233899
-6.256264 106.8510905
51.5469264 -0.10918145
34.9735679989 135.667776001
-27.487033 -58.79625525
-23.682803 -46.5955455
38.08804755 -3.63951575
-29.02153365 -49.470279
-33.01395 -58.52771
-2.986931 104.75343235
-6.76668575 108.5491315
48.85883375 2.34700295
-6.220018 106.721138
52.35472775 4.90405355
53.5841845 -2.4349527
40.8547205 -73.1856705
-6.20433 106.8699235
13.7645341 100.68760625
2.94905165 101.76994705
35.8087240042 140.363167501
-34.682671 -58.351764
-30.0997213 -51.1593094
52.0927344 4.4140336
43.27114415 3.30084185
-33.4626604 -70.7033521
34.6573839982 135.4993445
13.78452615 100.31522835
36.6640045017 140.138033997
39.6468665036 140.267755001
38.8885185 -104.789327
-7.273555 112.7374393
36.786042 -119.7824935
41.0213205 29.0052228
39.50310015 -76.32438185
-34.604315 -58.4426431
47.925154 0.3640759
48.85883375 2.34700295
37.1772247 33.2317699
-21.0739932 -41.64536905
-6.7490885 108.220081
13.29079775 100.93737535
14.68301235 121.0627353
38.74361385 -9.15999515
-2.572425 -59.9803255
-12.200165 -39.0644568
37.00282625 35.28487985
-23.9548165 -46.225711
14.43045645 120.9695014
41.345003 -72.108118
41.5372335 -72.80198
-6.7975868 107.5978685
-21.0739932 -41.64536905
45.5578305 -73.723025
18.4857749269 -69.9283919165
35.3778709992 140.007810998
51.5469264 -0.10918145
-22.9114217 -43.4415779
1.4302275 102.2519725
-5.1408641 119.4113282
-7.7228585 110.669382
39.93963595 32.7447637
41.20128215 27.74469475
-23.624796 -46.5648705
-15.7762537 -47.796623
7.89679075 98.29857905
49.1846344 -0.37195855
-36.84218585 -72.9685009
3.8288108 103.21663155
34.8675824999 135.334926997
37.7912360021 140.399713002
7.3175827 125.44326145
10.37483245 123.8467219
50.8660544 2.87281785
40.6932589 -74.229107
41.0213205 29.0052228
-32.9516154 -60.69740585
51.01570215 2.2937639
59.333671 17.9800231
51.1213724 4.44154225
41.8984164 12.54514535
38.7594883 -9.2315585
-15.7762537 -47.796623
40.7256935 -74.2327845
50.4388508 2.8176705
48.5102915 -2.76550015
20.00609875 100.34563255
36.5968065 31.83057575
-7.7582005 112.724458
34.7850368994 133.869756502
41.0213205 29.0052228
33.8245139 -78.688827
39.9632495 -86.1324485
50.6433453 2.99587425
47.377452 8.5367615
45.75782185 4.8350989
-22.821465 -43.01820815
-0.9457322 100.36202615
3.53517685 102.4451641
-27.121082 -48.9048251
38.4079305 27.00651085
50.5976936 36.5848424
-7.712573 110.4050255
10.4579304 -66.85896375
-22.9114217 -43.4415779
-6.293493 106.837755
14.6469712 121.1048868
6.9976766 5.9073882
51.50009175 -0.148936
-22.23874065 -49.1125421
31.61475435 -8.1337673
-30.0997213 -51.1593094
39.38977 -74.6122445
40.3341185 -75.9250215
51.5469264 -0.10918145
-23.682803 -46.5955455
-6.1862365 106.7457355
41.51997705 2.1363097
-6.191323 106.8983734
41.1602503 -81.35043465
38.6239745 27.4067505
51.57300845 -1.7856897
2.17045 102.5934795
52.07686795 4.3063953
41.9844734 2.8404006
-12.0569795 -38.746568
40.024856 -5.75103845
-22.737292 -42.043358
36.4414710013 139.126227505
-8.464764 115.1786115
41.3131505 36.34064945
25.81696565 -80.1329624
-4.8620595 -42.1283755
6.177526 102.2734413
3.58110585 98.6676272
-22.958979 -49.867433
20.6766521 -103.3358818
-25.4952494 -49.28846045
-22.7449295 -42.2907325
62.0846242 129.2923572
35.209059 -80.8467855
-9.5333295 -35.6871125
-23.682803 -46.5955455
38.4079305 27.00651085
43.1001894995 141.361262995
43.34566085 -8.4228133
35.6637035016 139.692487497
54.14795 45.2109
36.7648779 -4.42403115
42.0323445 -88.0911795
-37.9725665143 145.053135344
-20.9839828 -40.93441715
41.0213205 29.0052228
-19.918692 -43.9598225
41.0213205 29.0052228
52.35472775 4.90405355
51.07182765 4.12939195
35.4171609976 139.502907502
-4.25488255 119.8508632
-20.4273295 -40.3751671
34.3941473253 132.419552
-23.061418 -45.91744205
43.629311 -79.2725695
-6.220018 106.721138
-23.8040495 -46.530655
-27.8411328 -54.5214849
-40.795719 -62.9823727
-3.31404950085 -79.9383104993
43.629311 -79.2725695
-6.391887 107.29927
2.94905165 101.76994705
32.812545999 130.707241999
40.648469 29.2659245
13.694317 100.4029856
40.82489795 14.4883776
-21.90240095 -42.56524745
38.560729 -76.0607285
-9.9997665 -68.2654835
-45.4835921 -72.14071475
29.8384948 -95.4464865
43.4619885 -85.9544725
41.3985782 -81.507581
41.0213205 29.0052228
34.6568575006 135.895953506
42.93236725 -3.5791443
55.9431955 -3.20300845
7.3175827 125.44326145
10.4835391 -66.93064395
41.5665785 -73.0221081
-7.56175195 110.79296355
-25.4952494 -49.28846045
18.5273478513 -69.7867819202
39.88897635 32.8183812
40.85672235 26.62524625
21.38543015 40.49081075
42.9467144 -72.2846462
48.4560666 135.0985552
63.68236625 9.5249053
14.68301235 121.0627353
53.27914155 34.38075895
13.757901 100.53731045
19.7051794 -98.9897995
33.175864 131.690982001
38.74361385 -9.15999515
9.200266001 -75.2246859997
33.76721745 -84.433106
55.8583027 -4.24175135
14.1401866 121.4206954
-22.9114217 -43.4415779
10.0555149 -69.3676249
-15.7762537 -47.796623
15.7205003 77.94150205
34.6257360033 135.781401501
50.52451245 1.64623665
41.0213205 29.0052228
-6.5289455 107.0276525
43.629473 40.260662
-18.79681025 -40.06218075
-34.7527955 -58.418856
-22.9114217 -43.4415779
34.7850368994 133.869756502
-7.675022 109.33688
45.4613453 9.15933655
37.4427569985 140.309722504
38.4079305 27.00651085
-5.1055431 119.49616055
40.5247748 -88.9915295
-8.043603 -34.939349
-5.15920965 119.4756873
37.209929 28.3639529
50.53013995 2.6440342
-20.0758735 -43.892911
-6.2026825 106.6778875
24.8494439967 125.301821808
-6.391887 107.29927
48.85883375 2.34700295
-19.918692 -43.9598225
40.202796 29.12052925
35.9046885001 139.629006502
41.10235115 -8.47794775
0.2065215 101.101444
35.1409905008 134.003017504
2.16266225 102.4387932
14.11462735 120.85100195
40.0357415 -86.1366095
35.4593189947 139.3054195
41.0213205 29.0052228
1.72528205 103.9092777
41.0213205 29.0052228
50.85488445 4.37546805
41.690508 -88.3361185
16.4785765 99.5279852
-22.289782 -44.747725
-22.9114217 -43.4415779
-6.18488725 106.944926
48.07176735 1.3205844
-6.2201165 107.0604445
51.61784345 -0.737764
40.9770593 37.920234
53.4198785 -2.915427
41.0213205 29.0052228
35.7107699999 139.784678
55.79477815 49.06963465
-7.021961 107.6039395
25.8073146 -100.36527335
35.4708674984 139.4569225
-30.2040781 -50.86786815
-6.150752 106.743997
-37.9725665143 145.053135344
-22.9114217 -43.4415779
51.2700051 4.5041295
-6.76668575 108.5491315
-22.23874065 -49.1125421
14.5464995 121.03321235
38.66761545 39.19796315
33.73803745 -84.1563795
34.7003735017 135.502204004
14.59145675 120.98398645
37.83980245 27.8389196
13.14356205 123.76544875
41.36083965 -82.114383
40.67087955 -73.8311875
-22.9114217 -43.4415779
-7.4005695 112.312054
41.0213205 29.0052228
34.7040265012 135.442839001
2.4800469 102.70473645
13.67710475 123.1489535
52.50706765 85.1905255
6.0885087 102.26327515
19.183953 -96.2293963
43.10094805 131.92625175
33.769045 -117.9685397
6.4609341 124.8842237
-6.254411 107.011756
46.71750035 5.1797298
47.000776 6.942505
13.61582785 100.4965379
36.8663945037 136.952827498
34.3941473253 132.419552
-22.90454895 -43.0596096
48.8637035 2.448988
40.00134 -74.1880345
41.08253965 -111.96751605
3.2938852 101.7620824
-34.529882 -58.5083849
-33.3801242 -70.5672897
17.39953045 104.78438945
13.6240564 100.69517595
28.54555595 77.49872585
-25.14732505 -50.071012
28.1030125 -15.45984895
34.7258584978 135.225382997
39.6293146 -79.94383735
44.9415195 -93.1056485
51.88870145 0.89889095
34.7261635006 135.483260499
-23.51302145 -51.0997585
-5.027555 105.292656
40.16974705 -8.8044889
53.63261615 -3.0033305
35.6688434969 139.479183502
-22.9114217 -43.4415779
56.2910485 26.7220112
52.506701 13.4246065
43.138388502 141.074270499
-22.9114217 -43.4415779
41.0213205 29.0052228
-21.8204718 -46.54474385
5.39716195 100.314649
38.4079305 27.00651085
35.4737715013 139.529713501
-31.424168 -64.49339185
48.7934104 2.36026045
-23.682803 -46.5955455
31.515453498 130.566425497
50.8088385 -1.149198
49.2754844 6.2050804
13.1499029 123.69100005
46.0640462 11.10780205
35.3346130051 136.877617
37.2368821 -5.12010925
40.8480838 -8.4679675
36.8900699 30.6808891
-15.7762537 -47.796623
14.11538505 121.5652678
34.8488149958 135.553448001
-30.0997213 -51.1593094
39.7542037 30.50071
34.3941473253 132.419552
14.3068695 121.0690576
-19.918692 -43.9598225
-33.896238 -60.5659647
-23.682803 -46.5955455
14.68301235 121.0627353
-23.682803 -46.5955455
-23.698878 -46.6151355
-22.9114217 -43.4415779
38.6239745 27.4067505
35.1801765026 136.813278995
40.535674 -74.4571565
51.4525239 -0.9820303
54.73049785 56.03782135
34.788099496 134.845175999
-19.47312405 -40.6271268
-27.9542217577 153.369361472
-25.4952494 -49.28846045
-29.8021739 -56.739704
14.88899735 120.4172959
46.954573 7.394911
-7.9603885 110.23852805
46.160391 13.19857955
36.7183384964 137.100455
48.69223915 2.30574685
34.3857004997 132.448951994
-23.682803 -46.5955455
37.7721438 29.0962459
-23.682803 -46.5955455
51.1241875 2.76454795
-19.918692 -43.9598225
35.5235184995 139.621891499
50.27104885 19.19455415
55.6860509 37.9011064
-2.6972534 118.91568045
37.8205764 14.864669
44.76660525 8.35298685
39.88897635 32.8183812
42.910005 -78.6372695
51.457877 -2.58539
42.0383629 -91.586972
34.7878040022 134.379173499
15.09414725 104.3358984
33.5422375 -86.793917
-19.918692 -43.9598225
3.2938852 101.7620824
-22.696528 -43.5243665
51.15394035 2.9373092
51.823072 107.5835301
8.37607875 124.6285004
14.71089345 121.0311413
38.1557615 -79.0629265
43.724971 -79.7595915
35.4828435 -97.552161
5.65715200238 -72.8906175011
41.8984164 12.54514535
-34.9363185 -58.0130215
-25.553019 -48.466014
-23.533433 -46.784484
14.50411145 121.0652415
-34.7022445 -58.3901175
-33.8482440022 150.9319748
-8.650534 115.204629
35.6076509994 139.740690319
38.9262355 -76.88493445
53.70181935 -1.664672
55.7558767 37.54834245
-8.0754315 111.894699
-29.78253515 30.96773355
36.199979 -86.791549
6.49311225 3.3386054
47.07809995 2.3981966
-35.811043 -61.8984735
35.713029499 139.815417999
34.922236003 135.793898003
3.14853065 101.705305
21.17066155 73.5650917
-23.682803 -46.5955455
52.07686795 4.3063953
-25.75260215 28.184066
-22.9114217 -43.4415779
41.0213205 29.0052228
5.82457445 101.9705391
-1.344336 -48.3810695
40.6902479 30.2427087
38.6346285 -76.913544
-30.22563915 -50.31255635
-6.2529575 106.8293805
50.8515199 4.22791915
49.49620945 0.1314794
40.75788995 29.9204165
-6.201172 106.977346
18.3689695 -66.003656
-22.8952045 -47.030252
-28.4870056 -49.0453445
10.7023734 123.0966349
14.2780168 121.09037325
19.17414005 72.8747249
51.4684019 0.08932425
34.7261635006 135.483260499
34.7712910005 135.303979499
37.2318785 -80.0043453
33.60168315 -7.6097532
7.1754732 122.14724155
37.4427569985 140.309722504
58.022458 56.14427475
-15.7762537 -47.796623
45.39872155 11.89083675
-6.391887 107.29927
-30.0997213 -51.1593094
14.3396343 120.82839465
35.9557975009 139.272159003
49.40145415 2.8548554
-1.14088745 116.81272735
41.0808775 -81.5167515
-34.529882 -58.5083849
-33.1230114 -71.24260475
-31.1154789288 150.935836128
59.93414835 30.32869805
-6.906606 107.591745
13.14356205 123.76544875
-34.1218142 18.4889101
10.4835391 -66.93064395
42.2696355 -83.7299715
50.3962003 -4.06345625
37.5490104 -77.32305145
-25.64716215 -49.0571946
48.22012 16.3798455
-7.5471697 110.81572905
52.506701 13.4246065
-7.8308775 110.001879
38.74361385 -9.15999515
34.7267014977 135.603484502
34.5289935054 132.523841
-29.06862405 -51.03531895
50.9213275 -1.3964671
14.59145675 120.98398645
-20.75179015 -70.01641155
-23.682803 -46.5955455
18.3689695 -66.003656
35.1437694987 136.949414
54.78581215 -1.5585545
42.636248 -71.326858
43.05672225 -87.9672925
40.759851 36.326519
-6.94683 107.607368
10.4835391 -66.93064395
-19.856482 -47.22848
36.0684385002 139.885143501
14.82141165 120.71486315
-22.64469425 -43.29685075
6.49311225 3.3386054
-19.918692 -43.9598225
60.1594712 25.0186232
-29.7498334 -75.74854275
53.47530345 -2.3495665
-1.2729295 -48.4597975
13.64089185 123.2478264
51.50009175 -0.148936
-25.667612 -50.6213455
35.013848499 135.9568115
24.462089 39.65404835
45.248224 -75.8001415
-22.9114217 -43.4415779
46.1341385 3.47699625
38.5982486 -9.1133284
-26.26168945 -48.96647445
15.14961985 120.5688971
50.6745485 3.05379005
41.7219305 -74.075801
3.0512203 101.5594864
-27.6096907 -48.478899
45.93177655 6.92909655
41.0213205 29.0052228
-6.2358325 106.98814
-6.300108 -37.267546
-12.735513 -39.359237
19.17414005 72.8747249
35.7745200005 139.795744499
-33.4521612 -70.6596154
-2.572425 -59.9803255
43.61039585 3.8742675
-19.918692 -43.9598225
24.7219434 46.68507665
13.8710779 100.5045709
-38.01158735 -57.5814305
52.3797985 9.761433
44.6891045 -73.4754
-23.666101 -46.4412595
52.0231193 5.55162
-3.789768 -38.51989
14.31352815 120.968701
42.290524 -85.5656885
14.68301235 121.0627353
-8.033963 112.114498
-6.254411 107.011756
4.343651 100.90374755
-6.275768 106.876179
41.0213205 29.0052228
48.9218136 2.24692895
35.4665604978 133.100705
37.00282625 35.28487985
11.5245899 122.37843755
41.0213205 29.0052228
34.0352975 -118.159729
48.85883375 2.34700295
49.2771122 2.46442235
39.13703785 -84.5398123
50.65379995 1.8151115
46.0640462 11.10780205
0.5866785 -50.693466
51.52483525 -0.1731149
35.5868510902 139.617601047
-30.0997213 -51.1593094
13.757901 100.53731045
52.9483001 4.7760066
-6.8302285 110.8422975
41.6916363 -0.92733235
43.4677911 1.99726475
33.992021 -81.1008515
19.9027525 99.83107215
14.68301235 121.0627353
-23.86332 -46.2900965
49.4602949 6.3875993
14.60671755 121.1242274
35.6245302159 140.067907997
3.58810335 98.69701455
43.0267055 -76.068282
39.4132951 29.9865095
34.2718574972 134.047928499
51.01557055 2.4559262
-23.062041 -48.905472
51.376672 -0.3465495
41.0213205 29.0052228
48.85883375 2.34700295
7.3175827 125.44326145
19.17414005 72.8747249
38.872863 -75.820866
14.5833064 121.08234455
-2.572425 -59.9803255
59.93414835 30.32869805
55.7558767 37.54834245
42.6750105 -82.8078555
-29.6877205 -49.9908238
44.9415195 -93.1056485
1.5822979 103.73887635
51.2607331 3.2221633
-20.13969395 -40.30386285
40.202796 29.12052925
33.7760985038 130.966052998
10.4975788 -66.8568925
52.08418995 5.08276675
51.84264765 5.83295615
-6.2665075 106.719417
35.2125125006 137.048294503
-16.305135 -48.972519
-20.405721 -44.0454695
-33.8482440022 150.9319748
37.058257 27.36398905
14.54551745 121.0701716
49.3347775 11.028831
14.40788295 121.03131
54.66227195 -3.5240739
38.4079305 27.00651085
-7.41723725 112.528471
35.5235184995 139.621891499
35.1514544995 136.753369998
4.52047825 101.01468495
-1.2729295 -48.4597975
16.81692975 100.2695698
-1.2729295 -48.4597975
40.00046015 32.8419371
-25.4952494 -49.28846045
-15.7762537 -47.796623
3.06433105 101.6978836
50.7034715 7.11658625
43.053899 -79.087874
-6.332802 106.8312995
51.5148305 -0.0350195
-8.5288925 115.2204415
34.9024279952 136.925263996
-33.3801242 -70.5672897
3.66817565 98.75239605
28.499581 -16.23147875
-6.932618 107.5755685
35.713029499 139.815417999
41.10235115 -8.47794775
35.0919547 -85.242564
-1.344336 -48.3810695
-20.941994 -45.2514045
